0.00563847689766402
0.00456734515158922
0.000689096530751249
0.00625483050011015
0.00104961092188867
0.000644376793092392
0.00137400185808031
0.00225949013830021
0.00489626558602751
0.00641882184645687
0.00101030727000153
0.00903372509596263
0.00306394636232227
0.00219472462070208
0.00249114142249713
0.00352400822194227
0.00968722150125214
0.0147727060904098
0.00263314768046178
0.0219040942705819
0.00423745230573968
0.00769259984579487
0.000425248736653749
0.0108231281162392
0.0118810587141769
0.0213121822125221
0.000517431350125274
0.0567791303787082
0.00336075172120541
0.00539946342126893
0.00131936002790948
0.012726142296533
0.0117279134144397
0.00915507106598028
0.0012378671490465
0.0233332600084088
0.00308021725311211
0.0191798419940706
0.00341846983417772
0.0129779275069298
0.0329988523090585
0.0244000924031934
0.00279466770494788
0.0592930500277684
0.00545535863272179
0.0174042156670118
0.000536766700150501
0.0134217809029126
0.0199128554449046
0.0022382087450691
0.00920326142579776
0.0143042007917674
0.0098217990209711
0.000939377312509918
0.00934636508482822
0.00466833477978314
0.0118807001326396
0.00259042583153501
0.00677607565151816
0.00382896588727914
0.0180400346758372
0.00298278881103565
0.00218268068721797
0.00500666764355402
0.0187137265440681
0.0107586479149585
0.0218097781652643
0.0426171158827622
0.019152595491064
0.0128497848480398
0.0204323088993108
0.032092948192619
0.0114468340262754
0.00961379301489842
0.0123580297595257
0.0181456369699124
0.0158132378394569
0.0131982919376213
0.00862810765956207
0.0338909456638706
0.0131169093735031
0.00599363878660683
0.00386480341729033
0.00679082530608995
0.00294270953341377
0.00901779928378849
0.0103024492675096
0.00325619034422997
0.00606795770925742
0.00116282939729678
0.00504829277878277
0.00723139649248682
0.00530134622603913
0.00164120467281718
0.00457103829846304
0.00744944391606618
