MEME version 4

ALPHABET= ACGT

strands: + -

Background letter frequencies
A 0.3 C 0.2 G 0.2 T 0.3 

MOTIF RAG12
letter-probability matrix: alength= 4 w= 28 nsites= 2 E= 1e-02
 0	1	0	0
 0.99	0	0.01	0
 0	0.99	0	0.01
 0.87	0.01	0.03	0.09
 0.1	0.04	0.82	0.04
 0.03	0.11	0.01	0.85
 0.13	0.09	0.76	0.02
 0.30	0.20	0.20	0.30
 0.30	0.20	0.20	0.30
 0.30	0.20	0.20	0.30
 0.30	0.20	0.20	0.30
 0.30	0.20	0.20	0.30
 0.30	0.20	0.20	0.30
 0.30	0.20	0.20	0.30
 0.30	0.20	0.20	0.30
 0.30	0.20	0.20	0.30
 0.30	0.20	0.20	0.30
 0.30	0.20	0.20	0.30
 0.30	0.20	0.20	0.30
 0.72	0.11	0.09	0.08
 0.05	0.86	0.03	0.06
 0.83	0.08	0.06	0.03
 0.73	0.09	0.08	0.1
 0.91	0.01	0.03	0.05
 0.97	0.01	0	0.02
 0.87	0.04	0.02	0.07
 0.04	0.84	0.04	0.08
 0.05	0.76	0.04	0.15


MOTIF RAG23
letter-probability matrix: alength= 4 w= 39 nsites= 37 E= 1e-02
 0	1	0	0
 0.99	0	0.01	0
 0	0.99	0	0.01
 0.87	0.01	0.03	0.09
 0.1	0.04	0.82	0.04
 0.03	0.11	0.01	0.85
 0.13	0.09	0.76	0.02
 0.30	0.20	0.20	0.30
 0.30	0.20	0.20	0.30
 0.30	0.20	0.20	0.30
 0.30	0.20	0.20	0.30
 0.30	0.20	0.20	0.30
 0.30	0.20	0.20	0.30
 0.30	0.20	0.20	0.30
 0.30	0.20	0.20	0.30
 0.30	0.20	0.20	0.30
 0.30	0.20	0.20	0.30
 0.30	0.20	0.20	0.30
 0.30	0.20	0.20	0.30
 0.30	0.20	0.20	0.30
 0.30	0.20	0.20	0.30
 0.30	0.20	0.20	0.30
 0.30	0.20	0.20	0.30
 0.30	0.20	0.20	0.30
 0.30	0.20	0.20	0.30
 0.30	0.20	0.20	0.30
 0.30	0.20	0.20	0.30
 0.30	0.20	0.20	0.30
 0.30	0.20	0.20	0.30
 0.30	0.20	0.20	0.30
 0.72	0.11	0.09	0.08
 0.05	0.86	0.03	0.06
 0.83	0.08	0.06	0.03
 0.73	0.09	0.08	0.1
 0.91	0.01	0.03	0.05
 0.97	0.01	0	0.02
 0.87	0.04	0.02	0.07
 0.04	0.84	0.04	0.08
 0.05	0.76	0.04	0.15
